             1             2             4
             1             2             9
             1             3             6
             1             3            11
             1             4             5
             1             4            10
             1             5             9
             1             6             8
             1             7            12
             1             8            11
             1             9            10
             2             3             5
             2             3            10
             2             4             9
             2             5             8
             2             6             7
             2             7            11
             2             8            10
             3             4             6
             3             4            11
             3             5            10
             3             6             9
             3             8            12
             3             9            11
             4             5             9
             4             6             8
             4             7            12
             4             8            11
             4             9            10
             5             6             7
             5             7            11
             5             8            10
             6             7            10
             6             8             9
             7             9            12
             7            10            11
             8             9            11
